initial_q = [0.0 0.0 0.0 0.0 0.0 0.0 0.0 0.0 0.0 0.0 0.0 0.0 0.0 0.0 0.0 0.0];
initial_emv_q = [0.0 0.0 0.0 0.0 0.0 0.0 0.0 0.0 0.0 0.0 0.0 0.0];
A = [
  [0 0 0 1 0 1 0 0 0 0 0 0 0 0 1 1 0 0 1 0]
  [0 1 1 0 0 0 0 1 1 0 0 1 0 1 0 0 1 1 0 0]
  [0 0 0 0 1 0 1 0 0 1 1 0 1 0 0 0 0 0 0 0]
  [0 1 0 0 0 0 1 0 0 0 0 1 0 1 1 0 1 0 0 0]
  [0 0 0 1 0 1 0 0 0 0 0 0 0 0 0 1 0 0 1 1]
  [1 0 1 0 1 0 0 0 1 1 1 0 1 0 0 0 0 1 0 0]
  [0 1 0 0 0 0 0 1 0 0 0 0 0 1 0 0 0 1 0 1]
  [0 0 0 0 1 1 0 0 0 0 1 0 0 0 1 1 0 0 1 0]
  [0 0 1 1 0 0 1 0 1 1 0 1 1 0 0 0 1 0 0 0]
  [0 1 0 0 0 0 0 0 1 0 1 0 0 1 1 0 1 0 1 1]
  [0 0 1 1 0 0 0 0 0 0 0 0 1 0 0 0 0 0 0 0]
  [0 0 0 0 1 1 1 1 0 1 0 1 0 0 0 1 0 1 0 0]
  [1 0 0 0 0 0 0 0 0 0 1 0 0 0 0 0 0 0 0 0]
  [1 0 0 0 0 0 0 0 0 0 1 0 0 0 0 0 0 0 0 0]
  [1 0 0 0 0 0 0 0 0 0 1 0 0 0 0 0 0 0 0 0]
  [1 0 0 0 0 0 0 0 0 0 1 0 0 0 0 0 0 0 0 0]
];
emv_A = [
  [0 0 0 0 0 0 0 0 0 0 0 0 0 0 0 0 0 0 0 0]
  [0 0 0 0 0 0 0 0 0 0 0 0 0 0 0 0 0 0 0 0]
  [0 0 0 0 0 0 0 0 0 0 0 0 0 0 0 0 0 0 0 0]
  [0 0 0 0 0 0 0 0 0 0 0 0 0 0 0 0 0 0 0 0]
  [0 0 0 0 0 0 0 0 0 0 0 0 0 0 0 0 0 0 0 0]
  [0 0 0 0 0 0 0 0 0 0 0 0 0 0 0 0 0 0 0 0]
  [0 0 0 0 0 0 0 0 0 0 0 0 0 0 0 0 0 0 0 0]
  [0 0 0 0 0 0 0 0 0 0 0 0 0 0 0 0 0 0 0 0]
  [0 0 0 0 0 0 0 0 0 0 0 0 0 0 0 0 0 0 0 0]
  [0 0 0 0 0 0 0 0 0 0 0 0 0 0 0 0 0 0 0 0]
  [0 0 0 0 0 0 0 0 0 0 0 0 0 0 0 0 0 0 0 0]
  [0 0 0 0 0 0 0 0 0 0 0 0 0 0 0 0 0 0 0 0]
];
K = 10;
